0.048948875297672584
0.088561565791658442
0.013241805219033807
0.044783954919864921
-0.060773153646547257
0.083304818770384259
0.004984467338296491
-0.025581221015419726
0.000821630637022126
-0.011968430109666004
0.025900335245326828
0.005005323879041799
0.039869704766555526
0.021373386718827842
-0.002250511055525314
-0.021656891502398329
-0.018036506408791880
-0.019859361922733097
-0.029479499557399858
-0.016173641611081244
-0.075783920666284671
0.091649013239244875
-0.038845996956972169
-0.036508502557981500
0.009179102840828608
-0.017707651019058832
-0.033785898648934949
-0.013928333829539806
-0.028402153161168533
-0.030196022921271961
-0.061884440421661351
-0.043890987593458240
-0.034404967453461117
0.041782547630540866
-0.021201872057863981
-0.033741575373408751
-0.024949861463343454
-0.040961968917144265
-0.044563991204232330
-0.027533752498735419
-0.039704520143219062
-0.010496298609886986
-0.076796933690005578
0.023110514403639898
-0.010648849836855011
-0.038806292992863006
-0.033799732295533111
-0.044145605530893334
-0.002111391883947281
-0.038369730781432375
-0.026418664180714469
-0.062923927431303192
-0.002342134877763216
-0.047248942417219580
-0.009916792672521069
-0.034600032993563415
-0.052844000576895866
-0.037697771813867402
-0.043961499629794600
-0.021794863883062694
-0.021772837250897615
-0.026849420753663717
-0.031987840215681185
-0.018079592731922653
-0.030205257467020203
0.029795536412040882
0.009222228748233554
-0.017189567731484393
-0.009235654963850927
-0.011708528111358989
0.003907174502223222
-0.030689133444360167
-0.039053468133095043
-0.038089664955740246
-0.004146104411339663
0.042493539493295651
0.022038555136637106
0.015495121362137734
-0.031282974317944676
-0.044109347046618980
0.002141170024529311
-0.016703820182867975
-0.026076546416974305
0.009910304394413733
-0.004221214563116569
-0.031115996908443088
-0.016020075601654894
0.065298185138721057
0.060547102735744179
0.044888855547583054
0.044079385858502997
0.057580285038600278
0.152072249821011862
-0.128090779450928532
0.152284624819797071
0.043527235751199003
0.081099322991779577
