0.226853048804793150
-0.052324802824930093
0.083047211962163178
-0.048638915465370185
-0.016137700321746419
0.043714300376586357
-0.044958952662096180
0.000503601606743957
0.010770885474017862
0.010957111938389077
0.033485989165515720
-0.041538326185316651
0.040337557037068102
0.050397096427075697
0.023523571232124271
-0.023015837382902696
-0.014095981211718320
-0.025002531861805528
-0.025541113595803848
-0.002016420281700197
-0.079683358235877105
0.095340490518218524
-0.061355286158178653
-0.051610836249533318
0.017585768146510795
-0.009897014522102197
-0.039627565882364442
-0.005289807317064257
-0.024216642496889935
-0.040361441413354529
-0.057481057273009097
-0.138830755625351021
-0.060249250924615409
0.067654309514253747
-0.021514466913972605
-0.040819289130123462
-0.012984009714583954
-0.046449231959504199
-0.048910683440585266
-0.021491042913437588
-0.034110514575558915
-0.012529168738220846
-0.032707982602252980
0.003356780882158109
-0.003393214286189337
-0.047323566002462389
-0.036316645107984755
-0.048084585915042610
0.012878698797052338
-0.029064900272011775
-0.023691487454078178
-0.076022887372156900
0.012687211453138376
-0.143141053857220729
-0.025169121565146550
-0.048783109972061700
-0.084300979514632585
-0.046852148703877931
-0.046516759245143126
-0.012884042403540736
-0.015468562478131807
-0.020913455267908648
-0.030504692765023204
-0.037555768477298322
0.104917261689614669
-0.001202054836172547
0.040521251408529961
-0.010433553070118833
-0.008555813360983801
-0.008297004115541644
0.008435629345454726
-0.040394360675210697
-0.039287752178534807
-0.073374585858403354
0.068978299144676014
-0.106026565444813550
-0.009497687196305551
-0.009354325551071550
-0.044192872311274049
-0.042259244029477352
0.026899641686416211
0.008098217503563779
-0.012106920057693550
0.016999142082845489
0.035354009446768753
0.032282871152016820
0.043277667151154907
0.057489149619397419
0.058909862480078151
0.038128392297639535
0.037641561498406348
0.063839087542806358
-0.031047648901200323
-0.019134056506227171
0.131169648525205795
0.107146863862340985
0.104930222860183872
